,,0,7.5,5.5,0
,,0,8.5,5.5,0
,,0,9.5,5.5,0
,,0,10.5,5.5,0
,,0,11.5,5.5,0
,,0,12.5,5.5,0
,,0,13.5,5.5,0
,,0,14.5,5.5,0
,,0,15.5,5.5,0
,,0,16.5,5.5,0
,,0,17.5,5.5,0
,,0,18.5,5.5,0
,,0,19.5,5.5,0
,,0,20.5,5.5,0
,,0,21.5,5.5,0
,,0,22.5,5.5,0
,,0,23.5,5.5,0
,,0,24.5,5.5,0
,,0,25.5,5.5,0
,,0,26.5,5.5,0
,,0,27.5,5.5,0
,,0,28.5,5.5,0
,,0,29.5,5.5,0
,,0,30.5,5.5,0
,,0,31.5,5.5,0
,,0,32.5,5.5,0
,,0,33.5,5.5,0
,,0,7.5,6.5,0
,,0,8.5,6.5,0
,,0,9.5,6.5,0
,,0,10.5,6.5,0
,,0,11.5,6.5,0
,,0,12.5,6.5,0
,,0,13.5,6.5,0
,,0,14.5,6.5,0
,,0,15.5,6.5,0
,,0,16.5,6.5,0
,,0,17.5,6.5,0
,,0,18.5,6.5,0
,,0,19.5,6.5,0
,,0,20.5,6.5,0
,,0,21.5,6.5,0
,,0,22.5,6.5,0
,,0,23.5,6.5,0
,,0,24.5,6.5,0
,,0,25.5,6.5,0
,,0,26.5,6.5,0
,,0,27.5,6.5,0
,,0,28.5,6.5,0
,,0,29.5,6.5,0
,,0,30.5,6.5,0
,,0,31.5,6.5,0
,,0,32.5,6.5,0
,,0,33.5,6.5,0
,,0,7.5,7.5,0
,,0,8.5,7.5,0
,,0,9.5,7.5,0
,,0,10.5,7.5,0
,,0,11.5,7.5,0
,,0,12.5,7.5,0
,,0,13.5,7.5,0
,,0,14.5,7.5,0
,,0,15.5,7.5,0
,,0,16.5,7.5,0
,,0,17.5,7.5,0
,,0,18.5,7.5,0
,,0,19.5,7.5,0
,,0,20.5,7.5,0
,,0,21.5,7.5,0
,,0,22.5,7.5,0
,,0,23.5,7.5,0
,,0,24.5,7.5,0
,,0,25.5,7.5,0
,,0,26.5,7.5,0
,,0,27.5,7.5,0
,,0,28.5,7.5,0
,,0,29.5,7.5,0
,,0,30.5,7.5,0
,,0,31.5,7.5,0
,,0,32.5,7.5,0
,,0,33.5,7.5,0
,,0,7.5,8.5,0
,,0,8.5,8.5,0
,,0,9.5,8.5,0
,,0,10.5,8.5,0
,,0,11.5,8.5,0
,,0,12.5,8.5,0
,,0,13.5,8.5,0
,,0,14.5,8.5,0
,,0,15.5,8.5,0
,,0,16.5,8.5,0
,,0,17.5,8.5,0
,,0,18.5,8.5,0
,,0,19.5,8.5,0
,,0,20.5,8.5,0
,,0,21.5,8.5,0
,,0,22.5,8.5,0
,,0,23.5,8.5,0
,,0,24.5,8.5,0
,,0,25.5,8.5,0
,,0,26.5,8.5,0
,,0,27.5,8.5,0
,,0,28.5,8.5,0
,,0,29.5,8.5,0
,,0,30.5,8.5,0
,,0,31.5,8.5,0
,,0,32.5,8.5,0
,,0,33.5,8.5,0
,,0,7.5,9.5,0
,,0,8.5,9.5,0
,,0,9.5,9.5,0
,,0,10.5,9.5,0
,,0,11.5,9.5,0
,,0,12.5,9.5,0
,,0,13.5,9.5,0
,,0,14.5,9.5,0
,,0,15.5,9.5,0
,,0,16.5,9.5,0
,,0,17.5,9.5,0
,,0,18.5,9.5,0
,,0,19.5,9.5,0
,,0,20.5,9.5,0
,,0,21.5,9.5,0
,,0,22.5,9.5,0
,,0,23.5,9.5,0
,,0,24.5,9.5,0
,,0,25.5,9.5,0
,,0,26.5,9.5,0
,,0,27.5,9.5,0
,,0,28.5,9.5,0
,,0,29.5,9.5,0
,,0,30.5,9.5,0
,,0,31.5,9.5,0
,,0,32.5,9.5,0
,,0,33.5,9.5,0
,,0,7.5,10.5,0
,,0,8.5,10.5,0
,,0,9.5,10.5,0
,,0,10.5,10.5,0
,,0,11.5,10.5,0
,,0,12.5,10.5,0
,,0,13.5,10.5,0
,,0,14.5,10.5,0
,,0,15.5,10.5,0
,,0,16.5,10.5,0
,,0,17.5,10.5,0
,,0,18.5,10.5,0
,,0,19.5,10.5,0
,,0,20.5,10.5,0
,,0,21.5,10.5,0
,,0,22.5,10.5,0
,,0,23.5,10.5,0
,,0,24.5,10.5,0
,,0,25.5,10.5,0
,,0,26.5,10.5,0
,,0,27.5,10.5,0
,,0,28.5,10.5,0
,,0,29.5,10.5,0
,,0,30.5,10.5,0
,,0,31.5,10.5,0
,,0,32.5,10.5,0
,,0,33.5,10.5,0
,,0,7.5,11.5,0
,,0,8.5,11.5,0
,,0,9.5,11.5,0
,,0,10.5,11.5,0
,,0,11.5,11.5,0
,,0,12.5,11.5,0
,,0,13.5,11.5,0
,,0,14.5,11.5,0
,,0,15.5,11.5,0
,,0,16.5,11.5,0
,,0,17.5,11.5,0
,,0,18.5,11.5,0
,,0,19.5,11.5,0
,,0,20.5,11.5,0
,,0,21.5,11.5,0
,,0,22.5,11.5,0
,,0,23.5,11.5,0
,,0,24.5,11.5,0
,,0,25.5,11.5,0
,,0,26.5,11.5,0
,,0,27.5,11.5,0
,,0,28.5,11.5,0
,,0,29.5,11.5,0
,,0,30.5,11.5,0
,,0,31.5,11.5,0
,,0,32.5,11.5,0
,,0,33.5,11.5,0
,,0,7.5,12.5,0
,,0,8.5,12.5,0
,,0,9.5,12.5,0
,,0,10.5,12.5,0
,,0,11.5,12.5,0
,,0,12.5,12.5,0
,,0,13.5,12.5,0
,,0,14.5,12.5,0
,,0,15.5,12.5,0
,,0,16.5,12.5,0
,,0,17.5,12.5,0
,,0,18.5,12.5,0
,,0,19.5,12.5,0
,,0,20.5,12.5,0
,,0,21.5,12.5,0
,,0,22.5,12.5,0
,,0,23.5,12.5,0
,,0,24.5,12.5,0
,,0,25.5,12.5,0
,,0,26.5,12.5,0
,,0,27.5,12.5,0
,,0,28.5,12.5,0
,,0,29.5,12.5,0
,,0,30.5,12.5,0
,,0,31.5,12.5,0
,,0,32.5,12.5,0
,,0,33.5,12.5,0
,,0,7.5,13.5,0
,,0,8.5,13.5,0
,,0,9.5,13.5,0
,,0,10.5,13.5,0
,,0,11.5,13.5,0
,,0,12.5,13.5,0
,,0,13.5,13.5,0
,,0,14.5,13.5,0
,,0,15.5,13.5,0
,,0,16.5,13.5,0
,,0,17.5,13.5,0
,,0,18.5,13.5,0
,,0,19.5,13.5,0
,,0,20.5,13.5,0
,,0,21.5,13.5,0
,,0,22.5,13.5,0
,,0,23.5,13.5,0
,,0,24.5,13.5,0
,,0,25.5,13.5,0
,,0,26.5,13.5,0
,,0,27.5,13.5,0
,,0,28.5,13.5,0
,,0,29.5,13.5,0
,,0,30.5,13.5,0
,,0,31.5,13.5,0
,,0,32.5,13.5,0
,,0,33.5,13.5,0
